4.421124620957364471e+00 7.567224215091520101e+00
-8.322153702862397751e+00 8.472134198605751898e-02
-7.393754839247846711e+00 -6.344829092135593207e+00
-4.342234808009336255e+00 1.106987377312186815e+01
2.650036366039320690e+00 7.458637137187933419e+00
1.087988289206010872e+00 -6.888869661987851778e+00
-9.959078679286962554e+00 -4.971610149948295643e+00
-5.224149479365105542e+00 -4.794810045033847778e+00
8.953189643442078349e+00 -2.383320728320967419e+00
3.116846786119781498e+00 1.042788410054715786e+00
5.905943226912307331e+00 5.033946157262657373e+00
-8.001383703684672000e+00 -4.330937735143355560e+00
-3.735932069656618282e+00 -3.089747849058869011e+00
-5.201860712358399752e+00 -5.333120539639043756e+00
9.210291246876291638e+00 -5.439719685695384443e-01
2.188308313797070248e+00 -2.140158398507603810e+00
5.989269970694840239e+00 -1.061666798211391516e+01
-9.498703740837571630e+00 6.049968670893668410e+00
1.102789972496384152e+01 -6.446198583291868012e+00
-5.725761384966622458e+00 1.219895997457431847e+01
-2.789449546935517166e+00 -3.903724727377020809e+00
9.005936722337748890e+00 -1.576159243660922638e+00
9.413624518552389020e+00 4.371686632611515577e+00
-5.661687994630856480e+00 7.652153265156034223e+00
-4.291767248223475661e+00 -7.305777875200814009e+00
6.882310224374455387e+00 -2.069220175660627437e+00
-6.795498811056011945e+00 6.385347529408952560e+00
7.267019245759017920e+00 3.450023195979095569e-01
-2.442219221824387887e+00 -6.598904962197729596e+00
-5.243250932401736897e+00 -5.598374604824719825e+00
7.550669067003488166e+00 3.771475801756447144e+00
-2.493021912308355237e+00 -5.772234793963267663e+00
-5.360878684010802253e+00 4.863912294122479274e+00
1.158951478689825620e+00 5.937942331838083732e+00
7.807498451315969312e+00 -3.051048261591320809e+00
6.853194148966642807e+00 8.753889277599082419e+00
-6.379376799868818004e+00 1.487786115900570305e+00
-7.714444045415381090e+00 -2.193866671791097733e+00
-2.325893953933772185e+00 2.150390252865413743e+00
3.745193902415345777e-01 7.745886373863374530e+00
7.649553498226113746e+00 3.793751658590510667e-01
1.477261744194939164e+00 9.944491096459486812e-01
5.394483542215999350e+00 4.077609198739702734e+00
-5.355196639440690243e-01 -3.271678475482502346e+00
-4.363261836904694491e+00 4.191374791791290910e+00
-8.359672537429472250e-01 2.822443075171276572e+00
1.006214417258116001e+01 2.278331793437047725e+00
-9.554700888822628357e+00 -2.560347007244327955e+00
-1.055590182549005540e+01 2.506781106186738217e+00
4.743820622877108484e+00 2.944066623186523568e+00
-2.254901767385947942e+00 -8.204552392859427723e-01
-3.447946042976560488e+00 6.106090763854474801e+00
-4.776893519098685204e+00 5.344256878835189184e+00
4.300474355549788186e+00 5.571374689093972599e+00
1.589061105699255183e+00 8.619162891433197471e-01
2.169547830123993659e+00 -3.450647831277340316e+00
-8.992503071186742913e-02 1.265405222785559403e+01
-8.557910289515506364e+00 5.274382515898805579e+00
7.959323827781987770e-01 3.000636434463708646e+00
6.983604773387807718e+00 4.492706157501836550e+00
-2.734095087774301991e+00 -3.334541351115376528e+00
3.381222203749112865e+00 6.669282821467215960e+00
-1.103518358000491029e+00 2.223836894659825258e+00
-4.327986356961040393e+00 -5.944525660884741214e+00
-1.133452365949053053e+01 3.381940128078920527e+00
2.278895260495207964e+00 -1.916999037047873722e-01
6.489640486358370985e+00 -8.540985300770254085e+00
3.777423148087390548e+00 -6.042199605731389589e+00
-3.586404967540718580e+00 2.270802262983944164e+00
4.773346676356720941e+00 4.189318541283888919e+00
-1.072898152616945744e+01 -6.058610298406911454e+00
-4.121297479433644995e+00 8.143498782883481724e+00
9.084720800269602270e-01 -1.497061335375818647e+00
-7.775135813885067471e+00 5.337490440399634828e+00
-3.467626312044798098e+00 -1.357224256611246904e-01
8.527911931807492962e+00 -1.035494740029340655e+01
1.176752251225111934e+01 -3.040653094622199681e+00
-9.019205592043471498e+00 4.183638668093806245e+00
-1.464953590418376805e+00 1.705271365910417725e+00
-8.310237003453625704e+00 8.861918346690499604e+00
2.427553120512244422e-01 -2.849045212526263970e+00
4.896881282598203988e+00 2.977113609118002824e+00
2.779230529752419798e+00 -1.106908886613327780e+01
-3.289462917220343119e+00 -1.125396058491433315e+01
-9.539594334394356778e+00 -7.558431874412012696e-01
-3.588948940222786099e+00 -1.083715324524626933e+00
2.662176975945942936e-01 -1.193978635099696817e+01
8.469619221829065125e+00 5.846307874340766375e+00
3.615769666239230684e+00 6.845270509199748332e+00
-3.557366693498547616e-01 9.681339933751877069e+00
-2.596106193990640687e+00 1.698426160813735875e+00
-1.037439133925371770e+01 5.007359045030942646e+00
-7.343218040316940254e+00 8.800277083670366096e+00
-5.034428980735923709e+00 2.117582566730250804e+00
-6.958467499198165207e+00 2.924459641847586333e+00
2.547423087791234053e+00 -1.093116912509911920e+01
-2.475211253478726836e-01 -7.664984178545133808e+00
-6.240826863590409168e+00 -3.077070973968490719e+00
-1.035648420101968625e+01 8.606801606389401726e+00
7.068410659438678856e+00 -1.032469326057664283e+01
-4.113239048345223914e+00 9.387622142010181303e-01
6.952816214373719994e+00 -7.761546788091640003e+00
-1.619537197422165953e+00 5.834766617474366868e+00
1.056419170525919382e+00 3.975577865272383882e-01
-2.111017602980771013e+00 -8.814336437182328510e+00
-2.272306239852736720e+00 3.442276392604842972e+00
-5.027060695926033773e+00 9.884190637492659803e+00
4.768501295976638410e+00 3.047977729223485976e+00
-7.561330670610655780e+00 -8.351776963901535566e+00
2.268782582966764938e+00 -5.742737960919015450e+00
1.577703614002351484e+00 1.244517816428157353e+01
6.365288667066285377e+00 5.984467270348733159e+00
-3.431706620899555471e+00 2.831342507379588813e+00
-7.107393181924352099e+00 -5.562556355467718205e+00
4.119933278510292674e+00 -4.341108730107814395e+00
-2.530259697064613622e+00 8.514395894530574438e+00
-5.302213031279516819e+00 9.366599560209856734e-02
-3.871411226635420366e+00 2.161301805002651566e+00
-2.214141843520327502e+00 1.011581054894111542e+00
4.317813710581979159e+00 2.915288905479809234e+00
-8.355619341425139623e+00 2.560411452391265108e+00
-8.224385302471871384e+00 6.614604288756645190e+00
-8.138847697454000496e+00 8.691975924707467271e+00
-2.372475916919140060e-01 -9.293267691807448827e+00
-5.375294777765658338e+00 1.349033277396643271e+01
-4.363033226888775040e+00 1.163547376061135097e+01
-4.060478126594055936e+00 4.454823783708539153e+00
4.435757894234100718e+00 3.339430224865744368e+00
6.335539345093295083e+00 -8.093072716682012668e+00
9.104538865316229135e+00 5.157763933042247562e-01
-2.733177989067292923e+00 -1.125446945543438604e+00
-6.863171994290283351e+00 -2.399735499770790259e+00
3.434078221561384092e-01 -1.023177842840739515e+01
-1.700767023192221394e+00 4.323715028176241759e+00
7.322292979390314649e+00 2.136769424881772128e+00
6.897351643510355679e+00 -6.467431203441600829e+00
2.726959367528299372e-01 4.981596569455301271e+00
1.789399981339901524e+00 -7.222230053804302052e+00
2.036160395014919633e+00 -5.692006006321120637e+00
-9.302908860130068902e+00 9.237820959717943481e+00
-4.254430145395001972e+00 -1.550003049089274221e+00
5.736001064550642070e+00 -6.661363881395647724e+00
2.118276331030019666e+00 -2.620319737194158449e+00
5.212059606445305526e+00 -1.136979541619609613e+01
5.634224084024627821e+00 -9.694445014211012790e-01
1.278381471404025937e+01 1.226138269763133781e+00
2.344421101695169707e+00 5.951960520154568002e+00
9.243644818777900785e-01 2.963907024700661808e+00
-3.752455092879675380e+00 1.122612583294758437e+01
9.755448838803319589e+00 -6.625159145233558533e+00
1.159799318430926007e+01 4.652185499951283276e+00
-4.081364695134781506e+00 4.840226669967234940e+00
1.114372895359146076e+00 4.814900487633328119e+00
-1.919426160809774906e+00 -1.373032878364307319e+00
-5.424862926230098026e+00 9.267263578980557526e+00
-1.271078655237104549e+01 7.198589435766337141e-01
-1.420806628693094265e+00 5.482805839254653257e+00
1.029042243163142523e+01 -3.887372021250384169e+00
-3.229712677598620463e+00 1.113634364301200108e+01
-6.043531592979378253e+00 5.074985019614985049e+00
8.803132117144208957e-01 -2.082990413914828309e+00
-2.286826649052155491e-01 4.922103971572247438e+00
8.502969286317368924e-02 -1.971271359858481453e+00
4.825487629991854099e+00 6.928722666289600873e+00
-4.404851206057255553e+00 -6.004568369663823901e+00
4.637067023775758856e-01 -7.036334916281693497e-01
9.649286571558659986e+00 -6.864036409782473536e-01
-6.012673833134179802e+00 1.282043884287452862e+01
8.301673067309888410e+00 -9.115957328262570769e+00
-1.206351189257151191e+01 2.937973258248601560e+00
-5.069370932655004047e+00 -7.740337667788219633e-01
-4.681985321529248623e+00 -1.282904343745369102e+00
-1.101208356358577589e+01 7.194219781434133765e+00
1.287305920759465572e+01 1.250090043112390692e+00
-9.001889307207144864e-01 -2.376679578467412846e+00
-8.488293306389138593e+00 -5.620317311341534783e+00
-3.962675189498569672e+00 5.656264615399416051e+00
9.684340385428457765e+00 -7.066954437404744382e-01
7.795144787873816705e-01 4.358482351320966508e+00
4.791233176950457029e+00 1.523016140575641719e+00
-1.541932236893926556e+00 1.929431574191733945e-01
-2.751233562346672712e-01 -4.954675153361929318e+00
-8.510225305135017848e+00 2.007120007003712736e+00
-3.162677642557556901e+00 6.259242975801558861e-01
-4.110845988934086037e+00 9.061452199979623146e+00
9.705931904352008033e+00 -1.089801509505140764e+00
6.389112887282617059e+00 -3.411533057133756763e+00
-5.317336077896709590e+00 -3.242136045989265192e+00
6.532443880151081572e+00 6.553516206087937057e+00
-2.681801032036271071e+00 7.195114385611253383e+00
-2.471090361628561549e+00 -1.558086077008817627e+00
1.009583816694367364e+01 -6.498841252813307712e-01
9.518290429523121432e+00 -2.157124185755970203e+00
-9.304361207193874606e+00 8.175226697979111279e+00
-6.217984931473822030e+00 9.366788425515615302e-01
-3.270014553665662738e-01 9.740533439841792429e+00
-6.396767296627408061e-01 6.066696104002306633e+00
1.362524780595723684e+00 -5.085762898158949774e+00
-2.359571757180910723e+00 -3.468501454482079360e+00
-2.933371132931560599e+00 -8.289414365273733765e+00
1.305116118189052266e+00 9.419641265387232565e+00
1.500737039360440228e+00 -3.404490214098958578e+00
1.353120014444837516e+01 -2.688352454412203496e+00
-5.079483738023482964e+00 -8.773869556474668485e+00
-8.073050771886297383e+00 -5.811348947805908827e-01
8.520367657483074453e+00 2.528846338207051847e+00
-3.161582365902476877e+00 4.641627995696824271e+00
1.348118223663783644e+00 -5.969339706259153111e+00
1.154469241409447910e+01 -5.025340155277800980e-01
1.855460827149449488e+00 -3.458944333630586510e+00
-5.344781915248350224e+00 -2.276555806995276487e+00
-1.437570717181158697e+00 -9.737437163325784795e+00
-6.583230817629270426e+00 5.071355560749262636e+00
4.970920787557405518e+00 -9.925941731027045023e+00
1.255466121554878178e+01 -5.128138570949867692e+00
-2.900085533816840311e+00 1.942892995721406724e+00
5.998801144110581518e+00 2.548012468109175921e-01
6.675466618132256613e+00 -4.289413335585950726e+00
-3.929114201659944960e+00 1.030535626510205738e+01
4.026558239382168836e+00 4.859026251952981212e+00
-7.896063533985548943e+00 -7.765588355434748458e+00
-1.104846165973330763e+01 7.559449802221988257e+00
-7.447872333006488432e+00 7.031641921495716652e+00
6.595574740995256313e+00 7.620813274068562571e+00
5.993862390250639383e-01 2.218391197073314558e+00
2.613143296074736721e+00 8.215433560152471060e+00
6.299304281861446697e-02 -1.190375918824357804e+01
-3.715938849425497903e+00 -5.936424871283316307e+00
7.303277745752333239e+00 2.105585848108067371e+00
-1.085949689246194794e+01 -6.103345711946968066e+00
1.771057764287624847e+00 -9.581069374365371871e+00
7.115006506428768418e+00 -1.222451894967366615e+00
4.518285926380273820e-01 -5.857475519823465149e+00
1.221143546473676089e+01 4.208427540541743284e+00
-4.093355790147395368e+00 -6.648757995050520453e-01
-7.808908102106858706e+00 -7.863626724553979486e+00
7.817197424412390738e+00 -9.361912688928795134e+00
-7.082700720033241915e+00 1.117612941232220436e+01
-1.144469906652914482e+00 -1.276765671331743590e+01
1.011472278429329741e+01 -2.213024009774415823e+00
3.151552840739865857e+00 -8.416529288558537658e+00
4.659770154672511766e-01 2.744501012228151571e-01
6.838704385589150725e+00 -3.018096194404594979e+00
4.426805330174052422e+00 2.438770396811169583e+00
4.713446252141125115e+00 -3.447779811595995447e+00
6.642234120853982127e+00 8.249068025934899850e+00
-2.464731431522563465e+00 -2.463718087068450746e+00
9.975474473680522536e+00 2.385220709749336532e+00
-9.553141304518890209e+00 5.962963826243309562e+00
-6.496735336652556647e+00 1.029359679622801771e+01
-3.166413010412512108e+00 -3.389936936498190612e+00
4.093659748403578047e-01 -6.616815747548652205e-01
5.943402307671643570e+00 3.578803691911863760e-01
-4.781965113947137525e+00 5.866415922984614895e+00
3.082327878184905501e+00 2.096563630647528154e+00
-2.954983313475367357e+00 -4.937740375634153800e+00
-2.084019796137857483e+00 6.919318878376826021e+00
-1.103176552175400360e+01 6.071699345014438087e+00
-5.270477381151417617e+00 9.453081295890763514e+00
-1.853819802212950618e+00 -8.241181761934749161e+00
5.871704445544515316e+00 -1.082071057558736982e+01
1.273012708533421522e+00 -6.754569224567561037e+00
1.096280328636200396e+00 6.296643572446800619e+00
-4.868909736563220569e+00 1.728073301504496007e+00
-2.851747566086455077e+00 6.810366207462496213e+00
-3.352563159280237404e+00 9.788105732994614727e-02
-8.452599935121428487e+00 3.007486846620239795e+00
-6.371850432680143506e+00 9.096134474730439123e+00
4.343164842138567572e+00 -1.512593481133718942e+00
-3.919185533951013767e+00 1.153227936369957130e+00
5.892585490943565318e+00 -1.407164802524323743e+00
1.312429131929110815e+00 6.229708309222331764e+00
1.686068637104869206e+00 -3.458868526941455190e+00
-1.106380126966094757e+01 2.146996002299683959e-01
1.159688934268693927e+01 -3.360163633593384880e+00
1.316635838825692062e+01 -2.196444494865835484e+00
-3.267667619056353168e+00 3.588475146363720114e+00
-7.646756365678966105e+00 9.980787076480986286e+00
-9.987990751437868298e+00 -4.569804899332693182e+00
6.469666566902732008e-01 -7.179316384149074359e+00
-6.597556020318704029e+00 7.881689717945676854e+00
-3.209504868696316571e+00 -4.997190021147839722e+00
-1.343702694270845877e+00 -2.456889955594455444e+00
-8.497047160200668636e-02 1.277380284706170155e+00
7.726096976984111464e+00 -4.835578085356350364e+00
1.356278566500200400e+00 -6.784375766943615993e+00
-7.310228899426597371e-01 -9.958189421448421896e+00
-2.035102581028986446e+00 1.560156654230129836e-01
-2.929817870470643459e+00 -7.592235051395326728e+00
-6.930375954634721225e+00 3.268754156625286456e+00
5.863298329356184668e-01 -2.538571930124896348e+00
8.435614126212527264e-01 -8.100070928937413983e-01
3.114776141019850009e+00 -1.048524321867901854e+01
1.260142857406624017e+00 -7.072781927624195220e+00
6.664920140290018225e+00 8.689464947002582207e+00
-4.982274039739759353e+00 -7.606872899721010661e+00
-2.926063675955242527e+00 -3.095138388872631374e+00
-2.736850069244577188e+00 -1.118222651048646199e+01
5.956457203228927577e-01 5.896386686322708570e+00
3.640352571406654469e+00 6.627851329998462049e-01
7.803926614730515965e+00 -2.937903007500944241e+00
5.495530540993304847e+00 -2.962209928367701472e+00
1.450168414928783678e+00 -5.418554880756355496e-01
-6.500492570860274100e+00 -1.076725276447526358e+00
2.629240523204913416e+00 -1.115282195542257782e+01
3.269679556428113365e+00 -9.993754146740560174e+00
2.662080388932277053e+00 5.354428803119740898e+00
-2.170028082817661907e+00 -1.189412788688687383e+00
-4.246812883870846989e+00 -2.982295053532050488e+00
-2.411414749858744155e+00 8.435994003528698215e+00
-8.682189041497041515e+00 -1.120994421947494768e+00
1.121390253083080601e+01 -6.692689411876732386e+00
-6.603558800191877687e+00 -7.481099388810447337e+00
-2.979573710496279837e+00 3.271720859833051609e+00
-4.324575237358443403e+00 1.758502015424790343e+00
-8.360533791001433457e+00 -8.538093844471848826e+00
9.472903339996781469e+00 -9.027559064951908852e-01
-6.608478607366611302e-01 -1.596002007155522540e+00
-5.742482381322176366e+00 3.243583509075554705e+00
8.575231632907689416e+00 2.046907106715344149e+00
5.748587949953083864e+00 3.110973007324454809e+00
5.694939742125963100e+00 -3.710718186128927787e+00
2.874162200226945796e+00 3.158727369478267821e+00
2.082607850420691076e+00 9.076829294425264649e+00
5.836283676594655745e+00 -4.632725372426191868e+00
1.244908880145237706e+00 4.796201888234461919e+00
-7.230544404536529690e+00 1.113581640672003914e+01
8.372080315391894345e+00 3.172215919283091878e+00
-5.751689945593800424e+00 -5.092476988756034828e+00
3.206587932279931330e+00 -4.114853806087615418e+00
-7.223907307544578771e+00 6.953534323352995372e+00
-1.172922243318423696e+01 3.109971105461379448e+00
4.860735486550933793e+00 9.055272790753809531e+00
-1.070120398831107522e+01 -1.447122940749054454e+00
-6.728350274150638022e+00 -5.343263044631577863e+00
2.672150228307809794e+00 2.047046623518039787e+00
-1.344405089504528972e+00 -7.579207478045722368e+00
-8.935877121404548262e+00 7.046061800489492377e+00
7.228300337231944539e+00 -6.552496497377527263e+00
8.984533606709280917e+00 -8.309004032732861589e+00
-9.682585011572950151e+00 -3.626888654245512100e+00
-8.922239734753011575e+00 1.049831764356780006e+01
-2.933090974856806366e+00 6.063380391970698113e+00
4.540246191720608060e+00 -5.836305114085034162e-01
3.404583125050256953e+00 -1.185090062540337552e+00
5.763721787350061909e+00 3.723760037976920678e+00
1.664246169350311222e+00 -9.497886653874225260e+00
6.059894255889942905e+00 -7.594427055863742559e+00
-6.062290533100363810e+00 2.019146041542575265e+00
5.774598021841767626e+00 -7.814646058082530544e+00
-4.882944768440524719e+00 3.003790922532673768e+00
-2.822361504183311887e+00 4.932542843697551582e+00
1.217167860610659780e+01 -3.723982073933643999e+00
1.909600369503036410e-01 -4.370239825589464111e+00
-1.506030139393393474e+00 8.760341844262573119e+00
-2.005908974236743081e+00 3.279384931662197911e+00
6.790334091692820095e+00 -4.597482800884341358e+00
-3.329011996230734738e+00 -1.348261657898660104e+01
-6.421221290609024912e+00 -1.077752774082430420e+00
-9.376986274414196743e+00 7.705299297817654214e+00
-1.035793927290701255e+01 -4.235972616680513170e+00
4.669091050949998767e+00 -8.200613575680220535e+00
-3.485069744838840272e-02 -8.252949262830178156e+00
2.900516591781450160e+00 5.900372431159768283e+00
-6.432549463141763013e+00 9.851023801273157687e+00
2.131400287237718683e+00 5.184788455626250681e+00
-4.873859026613932000e-01 -1.277386131073971143e+00
9.925103943593622802e+00 2.373887740676103419e+00
8.403696105961319773e+00 2.483802636289312193e+00
5.725676973269860248e+00 -1.626990665896179911e+00
-5.360834902685509995e+00 4.803997727673423590e+00
-7.492620700398287426e+00 -7.712927807710241446e+00
-4.986727018644810272e+00 -8.890783658758856234e+00
-3.421303438923745777e+00 3.987769244637756061e-01
-1.047328685800235171e+01 7.232226521086387194e+00
-2.958879089180033617e+00 1.154223939540124633e+01
7.509848643868979323e-01 9.044706272860361551e+00
4.306927324318383654e+00 -1.008107412777430589e+01
-1.582593008543942803e+00 1.355166958752058060e+00
5.638414742391038459e+00 -1.224902930207580809e+01
4.794313890551060275e+00 -4.951243338182587550e+00
5.152283284273039499e+00 -1.116753411630781834e+01
-2.294860166538650326e+00 -6.763349719130637538e+00
2.164154302564386789e+00 -1.044477714737067409e+00
4.762312439669108777e+00 6.034786716995536260e+00
4.349613990802192909e+00 -1.474569611317134710e+00
4.152404983037648378e+00 2.901980387410092899e+00
1.709506526839339013e+00 -4.483378908142083397e+00
-2.327530757390030125e+00 4.507491221775616452e+00
6.732473103983044105e+00 -2.787858549348570580e+00
-4.071310003215113937e+00 -2.922872223337245501e+00
1.002827472867794434e+01 2.295387504574820881e+00
-1.073097830619837190e+01 5.671564368165451064e+00
-2.212088898101522094e+00 4.342395129662186548e+00
1.333883508905256976e+00 -5.632982765273208514e+00
7.343792997518550081e+00 -1.070246102758788709e+01
1.008064354936536056e+01 -7.099668104273690439e+00
-5.288809033820290884e-01 -1.551499386281948167e+00
9.478097768175433036e-01 4.542247602853591637e+00
8.878608074308633746e+00 -2.229386329327951888e+00
9.803014999033059951e+00 4.272594995342442026e+00
3.458204168444241944e+00 1.101954612007821765e+01
9.676536009207921119e-01 -4.114683764533222821e+00
5.635251791685516598e-02 8.019450583365314245e+00
-2.956525505300049872e+00 -1.073877783553729692e+01
4.721245325027808803e+00 5.811493189803353943e+00
-3.233758062899783958e+00 2.321597569921586501e+00
1.332442350550228838e+01 -2.364066318532446420e+00
2.837242277471734297e+00 -4.687786945273950678e+00
5.486606111506527883e-01 5.149745764194307185e+00
-5.204392948090950100e+00 1.247223704613361406e+01
9.824152751505986103e+00 6.883722792832820403e+00
-7.026652911571944493e+00 3.070691345813543194e+00
9.784561656209659120e+00 6.003050114452896935e+00
6.761664045278853230e+00 -1.215940061024403801e-01
6.532216082727726025e+00 7.708935638671010615e+00
1.264426216938235870e+00 1.035287046900971575e+01
5.489592598326780148e+00 -7.693139123122370471e+00
4.266074837391312435e+00 -1.021240024831164028e+01
-7.351893287296378254e+00 1.294939617433836787e+01
4.830553984868561912e+00 4.395417119287446717e+00
-1.001214700731851259e+01 1.446117384287000540e+00
4.289381991773849379e+00 -1.113377760482955026e+01
-1.173358917835534809e+00 -5.188172636057161391e+00
6.691158415102676393e+00 2.713734299605914391e+00
-8.758733165262475140e+00 4.999892476566699884e+00
-2.219765032686858708e-01 -9.374562422571890430e-01
3.859187785340044030e+00 5.755961353482707210e+00
-7.133435729438973638e+00 5.882738264500584791e+00
3.894686677985865764e+00 -2.455877009973356007e+00
-1.008883753813998974e+00 4.568551600978845606e+00
-3.617594888067490633e+00 1.112122737297283415e+01
-4.577719426096032329e+00 -1.093445170972818303e+01
-5.576853642178052795e+00 1.090124010318947967e+01
-2.016342904513075684e-01 5.678863533676499209e+00
3.690584375644786252e+00 7.094477615635572110e-02
4.697298183606164912e+00 2.911483420055215321e-01
-6.714793001837097819e+00 -8.371066347555602860e+00
-8.262479956727946107e-01 -7.188964342718238143e+00
4.767554858327764045e+00 7.680803727024359873e+00
-7.718537860128375172e+00 -2.348128594650089163e+00
9.822782437946660394e+00 -7.863461197509902689e+00
1.267936859567831531e+00 4.723605415608601810e+00
-8.758648087869457255e-01 2.068134575041117973e+00
8.319323588571561956e+00 -3.697916950699120964e+00
-1.128261601769904310e+00 7.681381486856396101e+00
3.068653753438056464e-01 1.815681724161614996e+00
1.436106993274175014e+00 1.925546344507342411e+00
-7.562945417240406698e+00 -8.704048576163986084e+00
8.061501679662907094e+00 -4.758231765103167810e+00
5.551721445557956436e+00 1.090446131133022156e+01
1.367841193212503637e+00 -1.077974857024951483e+01
-1.558231287097210593e+00 1.081582875491031537e+01
1.157460185213517079e+01 -5.621764713945446301e-01
-8.825733920920480813e+00 -4.510151859113773476e+00
-8.718354130543639613e+00 6.891222672334759380e+00
-5.478795604349635084e+00 -5.763611345588356194e+00
-6.692034482474590540e+00 6.474778013983762293e+00
3.823157703889255021e+00 -1.421067157087196220e+00
8.159723859490497944e+00 5.428385277186565716e+00
7.322211261499211865e+00 -4.897884584267655939e+00
-6.543485211196558460e+00 -7.471328909254006057e+00
-4.422766766795922067e+00 -1.145192725238360687e+01
-4.910344510304699206e+00 -3.480237930775978317e+00
-4.492052718154233126e+00 -1.099427400557949852e+01
-5.638340097375855731e-01 2.926260557641465976e+00
4.865925059262599106e+00 -1.079830687990337346e+01
-1.082821644242886405e+00 -5.428342151969206553e-02
-8.033378585159416385e-01 -9.897018875111962544e+00
5.030491732989781362e+00 6.145077918321217858e+00
-4.247574251650514832e+00 1.411096524241642491e+01
-3.244837366097221398e+00 7.991864398317685136e+00
2.663365399454411087e+00 -7.566589274872867144e+00
3.041001187761113389e+00 -8.257379989592527281e+00
1.222042727893707692e+01 -3.589031283305236908e+00
4.265540162122776202e+00 -7.601789457932911276e+00
5.747985357135276807e+00 -3.194542174307124061e+00
-7.054240175588616601e+00 -5.117249364416172952e+00
-5.890702910488272437e+00 3.700522655380474035e-02
1.017710511139499729e+01 -1.943477597920424182e+00
4.789253787697500542e+00 -1.021456406240430681e+01
-4.083510454234265730e+00 1.423041880468521292e+01
8.568326355935122152e+00 -6.868549133982554622e+00
1.332392076913002210e+00 -9.262752357225027211e+00
4.195528796356838619e+00 -1.216781156937262054e+01
-6.242290263684066254e+00 -3.116391409322291306e+00
1.256208438508557457e+01 -5.466348545310278695e+00
7.058936265977679092e+00 4.463463516930837649e+00
1.028936444629063196e+01 -2.099429798473960940e+00
-7.350767844867908352e+00 -3.436923458946306909e+00
2.548889633617896333e+00 -4.958308917683384998e+00
1.073805521960727871e+00 4.957306858577012143e+00
-4.932182437191550584e+00 -2.871458465114162362e+00
-4.408480270624958841e+00 6.988777809977263722e+00
-4.106032129675886821e+00 1.199743145744177175e+00
1.384484118165673294e+01 -6.491685976334385932e-01
-4.643689518592727161e+00 2.257424693015100736e+00
3.237710317195552912e-01 -2.312625821732578579e+00
-3.749044646521103807e+00 -5.884366216027303587e+00
-3.919907668575330018e+00 -4.553987671180110830e+00
-1.415600314638203461e+00 5.733629680212754209e+00
-7.521913078614431036e+00 -7.669335503079965477e+00
-9.152428536514532809e+00 -7.909742359214006591e+00
9.545538848900926299e-01 -4.283633177528471059e+00
-8.581516050502832726e+00 7.464821838953820121e-01
9.890410360575407012e+00 -4.389640314054241155e-01
-5.012782717280080291e+00 -1.024718938488844167e+01
-5.184555229654441710e+00 7.222457482776494242e-01
2.539007982767866434e+00 -7.487414384834748304e+00
-8.223391013772992864e+00 -4.549361456910640200e+00
-4.246462420080460376e+00 1.408361272597682046e+01
8.492448098957174452e+00 -4.863265459106428601e+00
-1.088033666121065934e+01 2.481381000839669448e-01
1.082667014410311523e+01 -8.888744593978958886e-01
-7.324753235612510238e+00 5.852983588275203708e+00
3.118962347539895763e+00 3.304414567373634259e+00
-8.733871871947725296e+00 4.151849057246502994e+00
-9.386016963305184646e+00 -7.715986924758556631e-01
1.295967495781782652e+01 -1.922579723284835840e+00
-1.891006126810373278e+00 4.889277579632707038e+00
1.220454852466932394e+01 1.083899539474052487e+00
1.005933205000654418e+01 4.772930782824370555e-01
4.742163759016813640e-01 -2.979327728543435416e+00
9.769715818141126107e+00 5.691156261605622824e+00
2.176457891128141586e+00 -9.574731534402662447e+00
9.745564461907994414e+00 -7.249085460119673030e+00
5.792176705877978282e-01 -6.493385296417987007e+00
-2.540589855500656302e+00 6.162399395029278359e+00
5.932585723965938529e-01 -3.534461554347578804e+00
5.057968164235858488e+00 -6.134676507679212243e+00
4.319753105647273550e+00 9.721820398329230173e+00
2.638013783823804914e+00 8.050619092962586265e+00
1.066863244986271653e+01 2.065830598815723285e+00
3.712992898178930634e+00 -1.107488268561437339e+00
-4.641272188101558172e+00 -5.315118849548759350e+00
-1.147050499818251446e+01 3.194200921643932656e+00
-3.235920431584679680e+00 -9.443003643169623373e+00
2.743228598954526198e+00 -3.497296441477956708e-01
-6.016547889224744594e+00 1.134337117785228699e+01
-9.480811231048399179e+00 7.881127552284386439e+00
-1.026965494099425058e+01 -4.193185565893097433e+00
4.252370900062589776e+00 -3.808931004056766323e+00
-6.012801077144190209e+00 -2.005088676423116834e+00
4.347073215137308821e+00 -6.933895017375399483e+00
4.838088888277764177e+00 4.410972207545878487e-01
-8.226321093155906539e+00 1.173649776492421637e+01
1.203707590148284723e+01 -3.525638319811131627e+00
4.292744448513450273e+00 -7.893145832197410172e+00
5.800530842285073874e+00 -3.490430807217387521e+00
2.654332130746312135e+00 7.572897026907136064e-01
6.494309723514017030e+00 6.154132170714220251e+00
-1.220755047731669318e+00 9.946580582023869965e+00
-1.290426584569082546e+00 -4.812444642317348809e+00
6.003631305879120195e-01 -6.229863569576722604e+00
3.813616537467833023e+00 -1.218170942591652661e+01
2.790665509885320583e-01 6.031844563632049905e+00
-1.301720820511632626e+00 -6.917460199760935069e+00
-8.809876065740670725e+00 5.702129880406724638e+00
-4.246286136105665854e+00 7.228482065660174705e+00
-1.031675256572230914e+00 -1.274943373193901408e+01
-2.999574302683953420e+00 9.897822753578507715e+00
5.613419394205411805e+00 -1.716973778109055049e+00
4.641949285370351674e+00 -6.697106493491233437e+00
1.059273169983450025e+01 -3.816969829611026377e+00
-1.227674892325829425e+01 2.946086160510436702e+00
1.415920595130960136e+00 -6.477986825745181143e-01
-1.054518700348446103e+01 5.314747915283185797e+00
-9.846576456749675188e+00 2.625052918038357941e+00
1.112134034770271507e+00 -6.536493983330428748e+00
1.699274654174002530e-01 -4.373893931782965261e+00
-2.485258064716597826e+00 5.498831929679932173e+00
6.167027435187434570e+00 -1.102436122268765573e+01
-7.304092367665248275e+00 1.301380688501430249e+01
-7.163442097980312617e-01 -6.174169879724672683e+00
-5.732005575661907493e+00 1.937685900646930914e+00
-7.004714314554470356e+00 9.021432686477824925e-01
8.097067408071355388e+00 -7.414822984680465190e+00
5.040764183647404195e+00 -9.680835038419786542e+00
1.778490372858618773e+00 -5.428361444108065648e+00
4.771488128705796861e+00 3.168341055587879374e-01
-1.211804588345323369e-01 1.823833102284339036e-01
9.177069032531806059e-01 -1.023109775487201212e+01
4.719992367988933957e+00 -6.833666434655588873e+00
-5.644176003417650911e+00 7.200828821560394388e+00
4.684386315092577968e-01 7.611760728893210093e+00
-2.355491469265999172e+00 2.488140924731372827e+00
3.561471808587727050e+00 -3.115133917555440224e+00
-4.004529489753617888e+00 5.071340944463650580e+00
-7.821566737413884418e+00 -2.310253391516072785e+00
2.760413886376787307e+00 -3.308316661136923464e+00
-2.962209807082942792e+00 -9.967691571657876892e+00
7.579591256234854413e+00 3.794667276833425529e-01
3.400215359052253028e+00 -9.171507132046423649e+00
-4.965725738169273207e+00 7.262253348720215662e+00
-2.165247679062399122e+00 3.767172850074812729e+00
2.090098094148135299e+00 -9.502781820584740302e+00
-1.334590509366486932e+00 -4.657282333459889401e+00
-7.475628863727260764e+00 4.908399747231004362e+00
-9.699610405866694762e+00 4.045081451840034426e+00
3.966185645325170928e+00 -5.906478023771094321e+00
-2.369174657896778502e+00 5.438684021407038660e-01
-2.192365832959580541e+00 -4.480693796956777497e+00
6.497198998298164163e+00 -5.504645394863255881e+00
3.451676404804616460e+00 9.311788521592301748e+00
5.134127471395553144e+00 -6.685942915565485478e+00
-7.409880857124636622e-01 -1.043418510660295340e+01
-4.091086711548507004e+00 9.522950521261250856e+00
4.970818407076931678e+00 4.569142403266102548e+00
-3.644130620929010078e+00 6.208746405355173081e+00
-3.857716731485849593e+00 -3.314560579282042507e+00
4.963449770734477795e+00 2.521784993579264000e+00
-1.458070638801992391e+00 1.613497068538495061e+00
-8.026660511817116372e-01 4.081556605171459573e+00
3.997701751962590588e+00 -8.863185189895531835e+00
-9.097069752247428198e+00 -5.754996944375720069e+00
1.099778965023565203e+00 1.857356714427260247e+00
-6.092589326970956343e+00 -3.111771032922221014e+00
-2.189018544527106425e+00 6.969014240253788905e+00
-4.437907498284319630e+00 1.038711355229730060e+01
6.497412374260499668e+00 -2.147116925106676621e+00
3.538260907485277773e+00 6.777670649094196254e-01
3.110824293059901713e+00 2.275392592523065804e+00
-1.166062904438199599e+00 -5.915168814208314529e+00
1.297120128224185764e+00 -4.909362696266578396e+00
1.284873919051312541e+01 -1.494779861324315062e+00
4.779808684630618032e+00 1.914631950653057579e+00
2.493560867105039325e+00 -4.856498419352487939e-01
1.343012088495399547e+00 -4.892758783201083261e+00
-1.272258008179731803e+01 7.400317852899335191e-01
-6.440313849010181890e+00 4.844819478565603355e+00
3.492507183521541769e+00 8.156851331284876494e+00
-3.372228549546953946e+00 8.358437350639320584e+00
4.092666664574486357e-01 -2.221158806053383561e+00
-4.522104024772338526e+00 5.906023958134578589e-01
-3.170796915834227736e+00 -8.129435476179567743e+00
8.540665279876931137e+00 -5.177761319633662040e+00
6.472511110186517591e+00 6.021155895079037812e+00
4.657961799478437470e+00 -5.593770227542994355e+00
-4.405093637069907864e+00 9.336431287736127516e+00
5.634957051700158814e+00 2.984293569908581301e+00
2.713334854533957508e+00 -4.347112578260597715e+00
-2.156960879404877129e+00 3.010163263995214500e+00
-3.796858050238228088e+00 4.536222611344379985e+00
2.044689951655088933e+00 8.970531776543150926e+00
5.512343691967135584e+00 7.295749194006277694e-02
-7.656719241861119407e+00 -7.856097205789396298e+00
1.117586083188506763e+01 -6.382379632643447209e+00
-1.103066273652607843e-01 -3.594684190295510451e+00
8.841928119567420197e+00 -1.048795880262095359e+01
-6.488115609258382044e+00 6.519516561497157525e+00
5.213445366876570120e-01 -8.556733279137898052e-01
-5.845819303632991293e+00 3.174049885064583965e+00
-1.484902141533247510e+00 7.254526402867824686e+00
-2.284491608866384915e+00 1.874833103013239022e+00
8.592457229620787729e+00 -2.422712807860123885e+00
-3.446618469780895921e+00 8.561707172800089083e+00
1.795607102050390091e+00 -8.253145013867834834e+00
-4.843280833084381065e+00 -3.095733138456046696e+00
5.032876473926823024e+00 4.429557773701692902e+00
-3.711403567815691140e+00 -2.054431170386274097e+00
1.997936115402658919e+00 2.435393793484603719e+00
-3.256985893714348990e+00 6.634751526093679352e+00
1.018008971620580461e+01 -7.288420860042337246e+00
-1.191799909234716282e+01 8.883300412783571298e-01
8.882790715182009578e+00 -5.159375815430681245e-01
-7.731112178991891959e+00 4.522835081581658478e+00
-3.562479623770956838e+00 4.442502425545333367e+00
4.170547157846265507e-01 -5.846817287293661458e+00
-3.150120239879115047e+00 3.974201169081223450e-01
3.626755504850562417e+00 -5.149291021809657032e+00
-2.097167461988780346e+00 -4.421983247405162909e-01
6.412227413834423295e+00 6.005558343777573249e+00
8.635908615039378233e+00 5.481797986163496894e+00
3.739756032889971493e+00 -7.538922422514400701e+00
-1.914308711141869068e+00 1.273261901316892342e+01
-2.008455948561198134e+00 5.408829855668098041e+00
-6.652746923809646495e-02 -4.811659611861684560e+00
-9.077065765545750509e+00 7.069276253791107578e+00
7.693051551404050947e+00 -9.205742902860460930e+00
2.024807606890193679e+00 6.932347724576033876e+00
2.295558995058144258e-01 1.131711860690112026e+01
8.953650815030686161e+00 -5.774972003525498110e+00
-5.424327547535725103e+00 1.045603676944612426e+00
-5.747062146101683311e+00 6.291261743870378176e+00
4.464795265323871831e+00 2.095615801576597992e+00
1.272497853076724139e+00 -1.303856209399671062e+00
-9.503123328581644103e+00 -3.093329882045027901e+00
-2.443645632648235644e+00 -3.157477394542290483e+00
6.282016109913961532e-01 -1.014810019882762049e+01
-5.235792488886114704e+00 -4.922270155664347335e+00
-3.755865418982732851e-01 1.133616257076193179e+00
-1.095478262382617141e+00 -4.593824607303676366e+00
-6.145345991161171639e+00 1.329526536716369201e+01
3.438061408024309262e+00 3.463924226305896248e+00
2.488893074738836475e+00 -6.068096365506375101e+00
-6.288047002030594523e-01 -9.811629414681936723e+00
5.545751984798670264e+00 -9.626943824313265452e+00
-8.134985928540377387e+00 -2.022672948458951458e-01
-5.231145226323496544e+00 1.244284431967067306e+01
1.210580450819800230e-01 3.754693427550574558e+00
-6.533083105855423955e-01 7.999290526540947965e+00
7.913679365471306681e-01 -1.276182078737523096e+00
2.480832991134711119e+00 -9.565137425437676200e+00
-1.242791211397114459e+01 -1.491607757478427443e+00
-6.827827327315358907e-01 -7.038424442677146509e+00
-1.543778299053725656e+00 7.170626811472176954e+00
7.657821111124736291e+00 -9.254787337275976355e+00
8.570494322031219525e+00 -1.086028419179401849e+00
-7.357022257873232718e+00 -6.448102611150940078e+00
-7.508172511524994874e+00 1.126285581478949460e+01
-4.068972600144819651e+00 4.098215109952849211e+00
-7.307646254612199854e+00 -8.617640908159465152e-01
-2.875393329305876211e+00 -3.901159395958714970e+00
9.955894205303524203e+00 4.298789231894221352e+00
6.183252425775451755e-01 2.261170801640627559e+00
2.098005943905916215e+00 9.474288403409502735e+00
8.671901527928516984e+00 2.786421385009381080e+00
-4.758381330930387065e+00 5.150914798499930392e+00
4.745681197163712284e+00 -2.691298099226293594e+00
1.640613825175722518e+00 -4.991450074147273097e-02
-8.653124054102022455e+00 1.183211237220556100e+01
-9.503615548338894214e+00 4.830079649346161297e+00
3.925246806564530733e+00 1.979085784818608973e+00
-2.892761437687930925e+00 -7.479300027363048109e+00
8.235960983179738903e+00 -3.670171352852739766e+00
-4.183788227263222304e+00 8.072467121035426629e+00
2.618317153070198744e-01 1.138879827920413845e+01
1.267159054367399129e+01 -3.042585824265056083e+00
-5.548010879973800158e+00 -4.539597046793047319e+00
3.591387245527026817e+00 -5.063799479610213261e+00
3.414035262392770331e+00 -6.369529328914635968e+00
-1.037600578260617823e+01 1.662657488747085299e+00
-3.499011198799814704e+00 6.285831641902490219e+00
-3.641619277348767891e+00 5.104943942189874129e+00
-4.397448417806594456e+00 -7.186896753721715214e+00
-5.578681251421432563e+00 -3.776551940720128009e+00
-4.113262989175574980e+00 -4.428122956872164728e+00
3.442771016799171413e+00 -7.859475955740764519e-01
1.078808042665186662e+01 -3.678149818660580994e+00
-7.899770622045823920e+00 4.683895968584455005e+00
1.169607375705661978e+00 -5.511426578586786640e+00
1.470105231530861367e+00 1.921885173385214030e+00
-2.936289914371625454e+00 9.631107835246002224e+00
1.591686781847485577e+00 2.903571275087174719e+00
-1.528918539083677031e+00 -9.203120051544258828e+00
5.024752953773271358e+00 -9.788874842860881387e+00
-9.589828214214739077e+00 -7.151834828582010140e+00
-1.872630795870251719e+00 9.292948021778247636e+00
-1.468640441961304610e+00 -3.506274511661905180e+00
1.336413854048617234e+00 -1.639235072498361756e+00
4.119797116140258453e+00 -9.868602767649104379e+00
-9.978327192203348517e+00 2.632343257839059536e+00
-1.002942756015869463e+01 -6.710864491006010901e+00
1.019546973907212006e+01 5.902973374521958139e-01
-2.864779721559528980e+00 -1.073875745556083494e+01
6.433668182442366046e+00 3.470574210887638955e+00
-3.281618469078850797e+00 -1.094089878429925378e+01
7.123389153502200699e+00 -1.053702843806543044e+01
-2.875397158239827000e+00 -8.590814189627009156e+00
-4.832329636432071140e+00 7.122660307828901693e+00
-1.459668541007652087e-01 8.962478564818864513e+00
-7.614423871924516085e+00 3.370859381031295232e+00
4.710165897204519503e+00 5.835887952696540815e+00
3.984464054435838065e+00 -6.698062664353966689e+00
7.018446872026335548e+00 -9.759780839718941170e-01
-4.542896042363330444e+00 -9.963051949219025039e-01
1.921833803899672954e+00 -1.320471863400541501e+01
1.023061013731197022e+01 -1.015933112438200059e+00
-4.201324145156106304e+00 2.443309052459228692e+00
8.693004482019876633e+00 8.192121491957157886e+00
6.576265182190462966e+00 4.954785350893986973e+00
-5.241515475321322448e+00 -9.891707993178734171e+00
-2.187729295039081201e+00 -5.576130284709755358e+00
-1.397072185582275639e+00 -3.591824483517368272e+00
-7.016721894236735757e+00 7.088904743524815366e+00
3.636597346711039069e+00 -5.556956834606230800e+00
4.276188039812509167e+00 2.333264807688048226e+00
-3.417117243023703566e+00 7.749242669488886293e+00
1.050024947443588097e+00 -7.520183256559558771e+00
3.007053458805195145e+00 -3.614299271567321892e+00
1.559875408310505529e+00 -8.036274820649405015e+00
-5.442187524529106035e+00 -3.151750678908130432e+00
-9.964292875943382199e+00 3.943274366225152150e+00
-5.238398964550192716e-01 3.888893792231285840e+00
3.535621016249026471e+00 8.019564466453985574e+00
3.729369842764437060e+00 -6.576003814771836709e+00
-9.182385758392557218e-01 -1.800366282725570644e+00
2.833629444916584195e+00 -2.806833206212947740e+00
-9.142025095593788730e-01 2.257909971936927995e+00
6.139813712918517297e+00 -7.514033850065266584e+00
-1.409894601623573385e+00 -3.851969856715424356e+00
-4.044156877189212906e+00 3.365122547224295158e+00
9.217599916915302671e+00 -3.969282076998033482e+00
-7.307582158355566682e-01 -9.869961253091156905e+00
5.791552826535021126e+00 -3.916996524646354949e+00
4.872131454245010040e+00 6.645768014171177462e+00
1.467064900343306277e+00 8.397257124130700134e+00
4.493752990297851468e+00 -8.173305899308331846e-01
4.695370929401206261e+00 6.472402019340520951e+00
9.054361105645815755e+00 -4.309485498730181163e-01
6.861222379282225781e+00 -4.243462705413980629e+00
1.391542099058480453e+01 -2.920139925473963505e+00
-3.161819326587446799e+00 5.345457968335251664e+00
-1.037289239180092748e+00 -7.248135042030368069e+00
-6.698150124931755656e+00 -4.766427408979335700e-01
-1.422370647053288195e+00 1.275453967199990402e+01
-1.280637055676054237e+00 -1.542770563465293732e+00
9.682046113216389305e-01 -5.996843518641578719e+00
3.086191313293983995e+00 4.161618234127498539e+00
3.076334620960858857e-01 -8.414588950943437951e+00
2.169834378804602615e+00 -2.164090905443725621e+00
-4.824788711650602302e+00 -1.617169171939124128e+00
-9.028573395023946624e-01 -3.502226099723291797e-01
-9.386065302178142389e+00 -4.559214533666797742e+00
2.456728455377625020e-01 -5.738373589877354242e+00
2.102345048221870183e+00 -5.193484022121628740e+00
-8.689030384813230867e+00 -1.195317988233206785e+00
-2.128950205300458309e-01 -4.271428449708158936e-01
4.643485036822694312e+00 9.494117584620603845e-01
1.086378558108114589e+01 -6.189050442874990843e+00
-1.614039784302236269e+00 9.861143667927937173e+00
-3.235503621180253919e+00 -2.999390153803120906e+00
7.209127956687190419e+00 -4.964125975198280472e+00
-7.550784324865365882e+00 7.577758839046635053e+00
6.303039213462692247e-01 -7.358913674845864783e+00
3.434502476006024985e+00 9.134295691753038682e+00
1.276865983160772489e+00 5.327507771034599715e-01
-2.801645740120647154e+00 -6.117799010979972252e+00
5.997886315550930991e-01 -3.635631891913043479e+00
-3.159061578178416152e+00 -5.084474803792465636e+00
1.209850377505353958e+00 -3.361605341754566822e+00
-6.541833717461458697e+00 4.566924057264582615e+00
-1.634142473835318743e+00 -1.114021761624905960e+00
6.800643974528329139e+00 4.442126649583683751e+00
5.333078529627217623e-01 7.089915308063404531e+00
-1.545223056190302424e+00 -9.473114832391654749e-01
2.897215446149304707e+00 -1.253595836117646467e+00
-3.232864639840958176e+00 -2.801905766964675193e-01
1.319747770956164601e+01 -2.330311230562394531e+00
-4.730275281554376043e+00 -3.853623935377191057e+00
2.111866313110573046e-01 -6.202557236786255146e+00
-1.062680515893732647e+01 -5.955660126014766576e+00
-6.137544009781057852e+00 -6.302303617297688731e+00
8.503073545544502565e+00 2.435533680115137489e+00
2.867737980935787245e+00 3.761949861375894155e+00
7.057490258791781379e+00 -6.449186498906240850e+00
-5.636136603879611684e+00 -4.467884409182550698e+00
4.795266399831122683e+00 3.897782055384425348e+00
-5.999702958565007016e+00 2.245042248373384730e+00
3.947019319030855011e-01 4.627212839069366979e+00
7.698570622887737969e+00 -2.975318197086652905e+00
1.218567982533209459e+01 -3.108504452887370206e+00
1.051781503966455977e+00 1.108762814390437557e+00
-8.804691503929829466e+00 6.442878451095703785e-01
-8.864031811629875079e+00 1.961308078945848798e+00
2.347452008262353118e+00 2.765184776303864833e+00
1.006547468676693136e+01 -4.672625342496986356e+00
-1.965383887088596682e+00 9.475906837429127094e+00
-3.480210213902306116e+00 2.879285712827473809e+00
5.610307740973263790e+00 5.840361969399773479e+00
-4.906489878042633812e+00 3.459401598686496992e+00
-4.171065193669232229e+00 6.990236422617911449e-01
7.760184715941220723e+00 -9.784315851578137213e+00
3.396335795238486277e+00 -6.770556277626655906e+00
-5.092042365786883629e+00 6.603655389194618586e+00
-3.474097792991517331e-01 1.233673227928221872e+00
-4.422153581133229650e-01 1.769079585441980518e+00
2.773176133139945598e+00 1.172430495633623337e+00
-4.877035597537960676e+00 6.353207521404833358e+00
-1.176141303820111839e+00 5.578346134474956308e-01
-5.358446161268217267e+00 1.246087644545425910e+01
8.504611393613069836e+00 -7.125498888608879922e-01
1.226286481862320521e+01 1.091982247826778440e+00
5.378731902333971915e-01 -3.695182933947297244e+00
-5.460908460306820977e+00 -4.752722558624691729e+00
-5.052415449145316373e+00 -1.122409263468819418e+01
-4.950890422055317153e+00 -3.237954745968712800e+00
-1.338251929244727245e+00 6.059681081306220740e+00
-4.030716639906573029e+00 1.220417008034012696e+01
4.758296810720159087e+00 7.928184395759774183e+00
-5.038622888034118397e+00 -7.244008955531880956e-01
-1.681125253128826325e+00 3.865335055284730981e+00
3.231513312245521075e+00 6.123828652532630201e+00
-4.113606244766579323e+00 9.642565989313043318e+00
-8.260897329810685363e+00 -4.572758892364938710e+00
7.069022459027660688e+00 -5.738817491204381227e+00
-7.800840596434500895e+00 6.739267039147753380e+00
2.896110386831095784e+00 1.270948083361888026e+00
-1.112480574399767796e+01 7.013138202609147775e+00
4.037710634631148210e+00 -8.841932637705726350e+00
-2.783045851678186633e+00 -1.073056054972171269e+00
-1.733063857032846267e+00 9.773657101885305565e+00
4.787457827019898637e+00 1.324827751911833218e+00
1.007937981615568646e+01 -4.746678939424310961e+00
-5.615680768692486780e+00 4.219397706615972687e+00
1.433383547374088574e+00 5.218057019164819010e+00
-1.171511015084173879e+00 -3.598722909713366835e+00
1.235779201885288892e+00 1.256479787267192061e-01
-6.021594513562660289e+00 8.095914214968841449e+00
3.172916144265879312e-01 6.897299098042698695e+00
4.476881136008484141e+00 -1.575110933148831327e+00
-7.776493605767061723e+00 7.700399643991156395e+00
-5.452492304893811870e+00 1.923779069438296574e+00
-3.188209895732219135e+00 1.471294204730659860e+00
-7.455145351321859515e+00 4.779431156057388996e+00
-2.898642348027409721e+00 5.310725389564717069e+00
1.744223063544682262e+00 4.959165861009547704e+00
-3.030088241342126398e+00 -5.045784575920105652e+00
6.399819962995075606e+00 -8.280218660913694961e+00
6.490569334454523442e+00 -2.217733714427517544e+00
6.673847044625930813e+00 7.425012306465859524e+00
1.072649618689660933e+01 -6.253467554934808881e+00
-1.891949569893345062e+00 1.014370512601131535e-01
1.623305594824201004e+00 -4.171040624178457890e+00
6.093619137829668020e+00 1.903912474037053881e+00
-4.010027384618153334e+00 -1.784709688519532156e+00
-3.412950917423008407e-02 2.044059628954080221e-01
-5.289579594636674820e+00 7.610721139239532640e+00
-9.366370216943547433e+00 -2.116304038564182033e+00
1.190464036331103204e+00 -2.992045000676283983e+00
-6.648618245071152622e+00 7.722743998540757104e+00
-7.295397706479801236e+00 8.955494363843603978e+00
-6.520370246583609308e+00 4.429745150451012137e+00
-1.532582435802084808e-01 -5.585506160603394221e+00
1.907995448046120091e+00 -4.095658718914151564e+00
-5.983366819016258553e+00 1.903691890804910247e-01
-1.101533447302999669e+01 2.939779249813948780e+00
-6.056276741802776975e+00 -1.687372156965373016e+00
1.031319754931251431e+01 -1.205179321380402513e+00
-3.745771602638812148e+00 6.558080166093279040e+00
-8.610066035106758164e+00 6.246652352804955566e-01
2.065356502460588661e+00 5.191853225690250540e+00
1.013793013145032695e+01 -6.639265745132327368e+00
1.154905918962965927e+01 4.686295830009313157e+00
-8.941605622892508265e+00 -3.458725544668924012e+00
-6.120121414521618064e+00 1.438709745278353436e-01
-3.677899935542106924e+00 8.535532655927358547e+00
-2.711253158308672528e+00 1.292407984176130231e+00
3.705764548475738884e+00 2.177920071263414581e+00
-1.099943208304833675e+01 7.376941911201726043e+00
8.222126883322339097e+00 -4.921888561148645813e+00
7.702509334549964670e+00 5.211726309869402662e+00
2.121182164778354640e+00 1.323531117310657867e-01
6.216173540496856553e+00 1.551958237427168985e+00
2.911006117150491956e+00 -2.893562862682638848e+00
-6.894313824977182037e+00 -8.186528604465809877e+00
-7.235039668419726233e+00 9.122472421755086769e-01
-4.460460931323424916e+00 -7.102289419343025934e+00
7.997537634668943518e+00 -7.454358870621768496e+00
-3.058976896340889429e+00 3.914817706029453337e+00
-1.182473404128323580e+00 1.098323982109753594e+01
-9.788607317667061380e+00 -4.534039964729991823e+00
8.734685962719956009e+00 8.171657698351898702e+00
-4.846022912178324482e+00 3.411160618578580550e+00
3.753536405988164848e+00 -1.213153265699096650e+01
-1.384672904027081763e+00 8.790671863333734848e+00
-5.066097887334370498e+00 9.279629566355001913e+00
-3.014205035886317052e+00 3.360434968286274415e+00
1.253389314168643631e+00 -9.028606852147417428e+00
5.003327305349819731e+00 1.271284503948367339e+00
-1.577439751883458197e+00 -3.584974388443591398e+00
4.950255157407481121e+00 -6.080313005833812845e+00
9.862303114047659136e+00 -8.116359314945013281e+00
3.999417034594199283e+00 -2.280406045215336075e+00
-1.739925190141629052e+00 2.830418365000204536e-02
-6.087268921140842615e+00 3.163183023685531836e+00
5.843311644654760606e-01 -5.269983091761069716e+00
-4.145594332889844580e+00 3.872612611377188152e+00
1.092296112102828731e+00 -3.845972010158423160e+00
-9.600522377370115379e+00 -5.457716828052502356e-01
6.093263294899181837e+00 1.988759417578575883e+00
-1.617006944965196258e+00 1.082690472467458775e+01
3.209027854199577590e-01 -4.923159533011165934e+00
-1.379478940766873274e+00 -5.842336370265731382e+00
-5.966659731788909404e+00 7.248992274081226483e+00
-5.017160775693535690e+00 1.001493990497171716e+01
5.833666151536852418e+00 -1.191984154453057387e+00
3.148788995174780503e+00 4.884156855606172520e+00
3.101478812193327883e+00 1.761973222094788349e+00
6.687289669882368948e+00 -4.489433309119679194e+00
4.860466930577855393e+00 7.182566926404539309e+00
-3.325102246983537846e+00 -1.350584997191693937e+01
5.567799243058196845e-01 -8.420215408343413088e+00
7.709973930594888891e+00 3.772988368859274133e-01
-4.040911891152346058e+00 1.192332285832475591e+01
1.969531839889911540e+00 6.265614799643836719e+00
6.510379240359658759e+00 -3.748694428310361815e+00
-2.936278027093745635e+00 1.160391431923453709e+01
-4.398357148064847344e+00 2.358512695006494408e-01
3.085075697558103958e+00 7.681368209054845408e+00
-3.812044256019075927e+00 7.289077123790947965e+00
5.982522343049946123e+00 -5.397444282628534928e+00
6.458711976707764535e+00 -5.720984865236465211e+00
-4.511760853776628721e+00 2.720221681041089745e+00
1.784980291044985012e+00 1.973157128065133437e+00
4.697616033877348052e+00 -6.976188162429010298e+00
1.173980345201253828e+00 2.706608600750126659e-01
-7.887659832216173506e+00 3.535351710054641217e+00
6.888267609171752959e+00 -7.130999388549689177e-01
-3.961711640854648664e+00 1.062827155840782645e+01
